name: MLenv
channels:
  - pytorch
  - defaults
dependencies:
  - blas=1.0=mkl
  - bottleneck=1.4.2=py39hc99e966_0
  - brotlicffi=1.0.9.2=py39h5da7b33_1
  - bzip2=1.0.8=h2bbff1b_6
  - ca-certificates=2025.7.15=haa95532_0
  - certifi=2025.8.3=py39haa95532_0
  - cffi=1.17.1=py39h827c3e9_1
  - charset-normalizer=3.3.2=pyhd3eb1b0_0
  - cpuonly=2.0=0
  - expat=2.7.1=h8ddb27b_0
  - filelock=3.17.0=py39haa95532_0
  - freetype=2.13.3=h0620614_0
  - giflib=5.2.2=h7edc060_0
  - gmp=6.3.0=h537511b_0
  - gmpy2=2.2.1=py39h827c3e9_0
  - icc_rt=2022.1.0=h6049295_2
  - idna=3.7=py39haa95532_0
  - intel-openmp=2023.1.0=h59b6b97_46320
  - jinja2=3.1.6=py39haa95532_0
  - joblib=1.5.1=py39haa95532_0
  - jpeg=9e=h827c3e9_3
  - lcms2=2.16=hb4a4139_0
  - lerc=3.0=hd77b12b_0
  - libdeflate=1.17=h2bbff1b_1
  - libffi=3.4.4=hd77b12b_1
  - libjpeg-turbo=2.0.0=h196d8e1_0
  - libpng=1.6.39=h8cc25b3_0
  - libtiff=4.5.1=hd77b12b_0
  - libuv=1.48.0=h827c3e9_0
  - libwebp=1.3.2=hbc33d0d_0
  - libwebp-base=1.3.2=h3d04722_1
  - lz4-c=1.9.4=h2bbff1b_1
  - markupsafe=3.0.2=py39h827c3e9_0
  - mkl=2023.1.0=h6b88ed4_46358
  - mkl-service=2.4.0=py39h827c3e9_2
  - mkl_fft=1.3.11=py39h827c3e9_0
  - mkl_random=1.2.8=py39hc64d2fc_0
  - mpc=1.3.1=h827c3e9_0
  - mpfr=4.2.1=h56c3642_0
  - mpmath=1.3.0=py39haa95532_0
  - networkx=3.2.1=py39haa95532_0
  - numexpr=2.10.1=py39h4cd664f_0
  - numpy=1.26.4=py39h055cbcc_0
  - numpy-base=1.26.4=py39h65a83cf_0
  - openjpeg=2.5.2=hae555c5_0
  - openssl=3.0.17=h35632f6_0
  - pandas=2.3.1=py39h885b0b7_0
  - pillow=11.1.0=py39h096bfcc_0
  - pip=25.1=pyhc872135_2
  - pybind11-abi=5=hd3eb1b0_0
  - pycparser=2.21=pyhd3eb1b0_0
  - pysocks=1.7.1=py39haa95532_0
  - python=3.9.23=h716150d_0
  - python-dateutil=2.9.0post0=py39haa95532_2
  - python-tzdata=2025.2=pyhd3eb1b0_0
  - pytorch=2.5.1=py3.9_cpu_0
  - pytorch-mutex=1.0=cpu
  - pytz=2025.2=py39haa95532_0
  - pyyaml=6.0.2=py39h827c3e9_0
  - requests=2.32.4=py39haa95532_0
  - scikit-learn=1.5.1=py39hc64d2fc_0
  - scipy=1.13.1=py39h8640f81_1
  - setuptools=78.1.1=py39haa95532_0
  - six=1.17.0=py39haa95532_0
  - sqlite=3.50.2=hda9a48d_1
  - sympy=1.13.3=py39haa95532_1
  - tbb=2021.8.0=h59b6b97_0
  - threadpoolctl=3.5.0=py39h9909e9c_0
  - tk=8.6.14=h5e9d12e_1
  - torchaudio=2.5.1=py39_cpu
  - torchvision=0.20.1=py39_cpu
  - typing_extensions=4.12.2=py39haa95532_0
  - tzdata=2025b=h04d1e81_0
  - ucrt=10.0.22621.0=haa95532_0
  - urllib3=2.5.0=py39haa95532_0
  - vc=14.3=h2df5915_10
  - vc14_runtime=14.44.35208=h4927774_10
  - vs2015_runtime=14.44.35208=ha6b5a95_10
  - wheel=0.45.1=py39haa95532_0
  - win_inet_pton=1.1.0=py39haa95532_0
  - xz=5.6.4=h4754444_1
  - yaml=0.2.5=he774522_0
  - zlib=1.2.13=h8cc25b3_1
  - zstd=1.5.6=h8880b57_0
prefix: C:\Users\mq124\AppData\Local\miniconda3\envs\MLenv
